   1 
1  597.713989
2  604.504028
3  589.721985
4  597.351013
5  592.065002
6  562.999023
7  565.382019
8  564.036987
9  583.570007
10  602.633972
11  607.161011
12  604.911011
13  600.866028
14  605.918030
15  581.765015
16  566.492004
17  568.718994
18  532.502014
19  493.679993
20  410.955994
21  382.036987
22  455.667999
23  483.330994
24  508.019989
25  580.908020
26  592.786987
27  587.812988
28  573.999023
29  572.635986
30  560.817017
31  570.773987
32  569.903015
33  563.283020
34  595.369019
35  593.690979
36  598.205017
37  595.780029
38  599.135010
39  600.242004
40  593.557007
41  581.588989
42  566.877991
43  579.151001
44  579.195007
45  579.817993
46  573.879028
47  596.094971
48  597.192017
   2 
1  474.970001
2  488.924011
3  479.324005
4  480.779999
5  472.216003
6  438.733002
7  419.808990
8  398.934998
9  403.977997
10  442.164001
11  462.354004
12  468.968994
13  476.395996
14  480.856995
15  462.467010
16  446.040985
17  440.916992
18  405.941986
19  356.601990
20  285.816986
21  265.993011
22  312.819000
23  333.371002
24  352.709991
25  391.984009
26  407.039001
27  405.554993
28  396.059998
29  392.385010
30  379.049988
31  374.037994
32  369.450012
33  359.494995
34  389.286011
35  410.403015
36  422.428986
37  427.239990
38  435.614990
39  439.485992
40  432.069000
41  417.738007
42  394.674988
43  385.039001
44  376.407013
45  370.032990
46  367.937012
47  388.792999
48  409.342987
   3 
1  596.820984
2  603.557983
3  589.552979
4  597.028992
5  591.583984
6  560.778015
7  559.435974
8  553.674988
9  572.898010
10  601.963989
11  605.786987
12  604.255981
13  600.598022
14  603.456970
15  581.734985
16  565.583008
17  566.163025
18  530.656982
19  491.114014
20  408.328003
21  379.365997
22  451.286987
23  478.891998
24  503.627991
25  567.851013
26  582.689026
27  582.638000
28  572.645020
29  571.018005
30  559.004028
31  565.695984
32  563.109985
33  553.609009
34  589.684021
35  593.346985
36  597.379028
37  595.226990
38  598.604980
39  600.116028
40  593.099976
41  581.419983
42  563.916992
43  574.840027
44  574.362976
45  571.330994
46  567.716980
47  590.573975
48  596.741028
   4 
1  597.856018
2  604.695984
3  589.760986
4  597.364990
5  592.135010
6  563.043030
7  565.575012
8  564.630981
9  584.156982
10  602.679993
11  607.387024
12  604.955017
13  600.901001
14  606.732971
15  581.765015
16  566.543030
17  568.892029
18  532.625000
19  493.829987
20  411.141998
21  382.239014
22  455.881012
23  483.545990
24  508.223999
25  582.325989
26  592.812012
27  587.848022
28  574.017029
29  572.783997
30  560.940002
31  571.107971
32  570.291992
33  563.836975
34  595.476990
35  593.716003
36  598.356018
37  595.815979
38  599.142029
39  600.249023
40  593.645996
41  581.598999
42  567.106018
43  579.234009
44  579.283997
45  580.229980
46  573.914978
47  596.116028
48  597.276001
   5 
1  371.118988
2  389.421997
3  382.089996
4  379.442993
5  367.644989
6  334.153992
7  307.174988
8  278.898987
9  274.858002
10  304.755005
11  342.648987
12  356.355988
13  373.378998
14  379.437012
15  363.360992
16  347.248993
17  339.729004
18  305.304993
19  251.147995
20  186.014008
21  170.789993
22  199.856995
23  215.164001
24  230.725998
25  258.041992
26  269.476990
27  265.596985
28  254.057999
29  246.524994
30  234.251999
31  224.906006
32  218.223007
33  207.972000
34  231.136993
35  251.164001
36  267.123993
37  284.463989
38  300.592987
39  308.622009
40  299.851013
41  284.872009
42  260.446014
43  241.567001
44  228.011993
45  219.692993
46  216.557007
47  234.623993
48  254.675995
   6 
1  452.238007
2  474.459991
3  468.268005
4  467.463013
5  456.713013
6  422.686005
7  399.020996
8  374.050995
9  374.940002
10  411.377991
11  446.824005
12  460.851013
13  476.117004
14  480.855011
15  462.285004
16  445.657013
17  438.845001
18  403.756012
19  351.257996
20  280.463013
21  260.625000
22  297.946991
23  315.973999
24  333.595001
25  366.541992
26  380.109009
27  377.683014
28  367.493011
29  362.385986
30  349.070007
31  340.851990
32  333.393005
33  321.535004
34  348.747009
35  371.321991
36  385.996002
37  399.617004
38  412.576996
39  419.415009
40  411.315002
41  396.139008
42  371.238007
43  356.471008
44  344.010010
45  335.237000
46  332.019012
47  351.983002
48  373.851013
   7 
1  597.551025
2  604.260010
3  589.674011
4  597.309998
5  591.956970
6  562.802002
7  564.809021
8  562.538025
9  582.091980
10  602.528992
11  606.836975
12  604.802979
13  600.802002
14  604.817017
15  581.762024
16  566.354004
17  568.304993
18  532.210022
19  493.326996
20  410.566986
21  381.630005
22  455.123993
23  482.781006
24  507.503998
25  578.364014
26  592.390015
27  587.742004
28  573.953003
29  572.306030
30  560.512024
31  569.976990
32  568.882019
33  561.773987
34  595.065979
35  593.638977
36  597.989014
37  595.692017
38  599.129028
39  600.232971
40  593.440002
41  581.565002
42  566.390991
43  578.870972
44  578.942993
45  578.614014
46  573.807983
47  596.036011
48  597.070007
   8 
1  596.093018
2  603.021973
3  589.471985
4  596.544983
5  591.226990
6  558.757996
7  553.395996
8  544.640991
9  562.689026
10  601.155029
11  604.979004
12  603.726990
13  600.419006
14  603.135010
15  581.705017
16  565.166016
17  564.215027
18  529.065979
19  488.174988
20  405.417999
21  376.446991
22  445.889008
23  473.082001
24  497.640015
25  555.731018
26  573.422974
27  572.932983
28  563.919983
29  563.997986
30  551.502014
31  555.997009
32  551.825989
33  540.504028
34  578.054993
35  590.335022
36  596.833008
37  594.820984
38  598.068970
39  599.427002
40  592.851013
41  580.523987
42  560.958984
43  567.392029
44  565.401001
45  559.833008
46  557.577026
47  580.392029
48  595.177979
   9 
1  595.164978
2  602.213013
3  589.369019
4  593.922974
5  586.757019
6  552.973022
7  541.432983
8  527.731018
9  541.992981
10  584.620972
11  603.880005
12  602.908997
13  600.120972
14  602.963989
15  581.515991
16  564.721008
17  561.645996
18  526.401001
19  482.050995
20  399.118011
21  369.998993
22  432.378998
23  457.769012
24  481.251007
25  531.799988
26  550.892029
27  551.588013
28  542.106018
29  541.224976
30  527.653992
31  528.388000
32  521.015015
33  506.963989
34  544.190002
35  559.724976
36  568.294983
37  578.195007
38  586.924011
39  592.616028
40  588.500000
41  575.916992
42  553.528992
43  552.708008
44  545.585022
45  536.215027
46  532.744995
47  556.190002
48  573.293030
   10 
1  597.320007
2  603.953979
3  589.619019
4  597.219971
5  591.801025
6  562.036987
7  563.442993
8  559.653992
9  579.185974
10  602.323975
11  606.388977
12  604.598999
13  600.718018
14  604.026978
15  581.752991
16  566.067017
17  567.507019
18  531.638977
19  492.571991
20  409.791992
21  380.842010
22  453.873993
23  481.516998
24  506.286987
25  574.255981
26  589.174988
27  587.489014
28  573.848022
29  571.718018
30  559.963013
31  568.458008
32  566.866028
33  558.848999
34  594.039978
35  593.528015
36  597.723022
37  595.513000
38  599.020020
39  600.211975
40  593.291016
41  581.510010
42  565.458984
43  578.049988
44  578.330017
45  576.638977
46  572.979004
47  595.619019
48  596.931030
