   1 
1  326.373993
2  332.296997
3  315.346985
4  322.580994
5  317.519012
6  294.832001
7  294.565002
8  296.588013
9  317.326996
10  329.290009
11  333.062012
12  330.408997
13  329.042999
14  334.295990
15  307.959015
16  297.056000
17  302.877014
18  274.009003
19  241.643005
20  182.223999
21  168.026993
22  246.393005
23  275.496002
24  289.266998
25  316.773987
26  319.058990
27  315.178986
28  303.427002
29  303.666992
30  294.759003
31  304.631989
32  308.183014
33  304.300995
34  325.761993
35  321.059998
36  334.184998
37  320.406006
38  332.742004
39  324.704987
40  319.307007
41  308.063995
42  300.135010
43  309.204987
44  306.015991
45  306.261993
46  300.088989
47  321.209015
48  322.006012
   2 
1  265.950012
2  274.692993
3  261.721008
4  265.552002
5  258.574005
6  232.628006
7  219.500000
8  204.714996
9  216.376007
10  247.949997
11  261.682007
12  264.019989
13  267.141998
14  268.454010
15  251.130997
16  238.975998
17  238.820999
18  210.388000
19  168.302994
20  121.234001
21  111.544998
22  166.617004
23  188.901993
24  206.580994
25  226.582001
26  232.257004
27  228.981003
28  218.906998
29  215.908997
30  206.399002
31  205.490005
32  201.319000
33  191.287994
34  216.800995
35  230.429993
36  244.084000
37  240.332001
38  253.350006
39  247.929001
40  241.076004
41  229.406006
42  212.942993
43  209.378998
44  200.613998
45  194.406998
46  190.024994
47  210.714996
48  226.878998
   3 
1  324.337006
2  330.950012
3  314.869995
4  322.256012
5  316.877991
6  293.227997
7  291.169006
8  288.765991
9  309.347992
10  328.657990
11  331.770996
12  329.665009
13  327.259003
14  328.936005
15  307.947998
16  296.545990
17  301.218994
18  272.654999
19  239.029007
20  180.764999
21  166.582001
22  241.397995
23  269.614990
24  286.838989
25  311.489014
26  315.548004
27  313.136993
28  303.218994
29  302.696014
30  293.994995
31  301.901001
32  303.481995
33  296.671997
34  323.089996
35  321.039001
36  331.330994
37  320.260010
38  331.799988
39  324.506012
40  318.545013
41  307.894012
42  297.009003
43  306.045013
44  303.703003
45  301.290985
46  297.026001
47  318.753998
48  321.902008
   4 
1  327.089996
2  332.566010
3  315.459991
4  322.596985
5  317.609985
6  294.919006
7  294.677002
8  297.260010
9  317.872009
10  329.335999
11  333.250000
12  330.497986
13  329.536987
14  336.303986
15  307.971008
16  297.084015
17  302.973999
18  274.101990
19  241.813004
20  182.339005
21  168.145996
22  246.889999
23  276.105011
24  289.395996
25  317.416992
26  319.059998
27  315.200989
28  303.425995
29  303.743988
30  294.812988
31  304.829987
32  308.533997
33  304.983002
34  325.843994
35  321.059998
36  334.778015
37  320.433014
38  332.783997
39  324.750000
40  319.460999
41  308.079010
42  300.550995
43  309.325989
44  306.141998
45  306.468994
46  300.117004
47  321.210999
48  322.016998
   5 
1  185.263000
2  201.789001
3  191.841003
4  192.072006
5  182.544998
6  156.792999
7  136.302002
8  112.473999
9  118.431999
10  142.154007
11  168.061005
12  179.796997
13  191.695007
14  194.326004
15  178.376007
16  166.143005
17  163.171005
18  134.477005
19  86.121002
20  49.394001
21  43.632000
22  79.449997
23  95.662003
24  111.443001
25  127.096001
26  132.886002
27  128.341003
28  117.567001
29  111.304001
30  102.188004
31  95.295998
32  89.773003
33  82.856003
34  104.987999
35  115.625000
36  129.768997
37  134.115005
38  150.783997
39  151.832993
40  143.759003
41  131.845993
42  113.751999
43  101.068001
44  87.608002
45  82.453003
46  79.954002
47  98.509003
48  112.485001
   6 
1  248.878006
2  264.354004
3  254.404999
4  255.298004
5  245.479996
6  219.496994
7  201.210999
8  180.947006
9  190.460999
10  217.328003
11  247.292007
12  257.850006
13  266.753998
14  268.454987
15  250.824005
16  238.393005
17  236.095993
18  207.171997
19  160.554993
20  117.608002
21  108.192001
22  151.705002
23  170.604004
24  187.141006
25  204.175995
26  211.283997
27  207.667999
28  197.548004
29  192.371002
30  182.423004
31  176.917999
32  169.091995
33  160.699005
34  185.072998
35  196.632996
36  210.899994
37  217.272003
38  233.882996
39  233.380005
40  225.841995
41  213.535995
42  195.029999
43  184.837997
44  171.962006
45  165.154999
46  161.501007
47  181.764999
48  195.710999
   7 
1  325.727997
2  331.951996
3  315.213013
4  322.532990
5  317.377014
6  294.653015
7  294.184998
8  295.183990
9  316.019012
10  329.187012
11  332.774994
12  330.257996
13  328.438995
14  332.119995
15  307.958008
16  296.985992
17  302.652008
18  273.828003
19  241.339005
20  182.009003
21  167.807999
22  245.501007
23  274.417999
24  288.967010
25  315.700989
26  319.056000
27  315.141998
28  303.425995
29  303.492004
30  294.626007
31  304.187012
32  307.415009
33  302.967010
34  325.601990
35  321.058990
36  333.178009
37  320.368988
38  332.696991
39  324.658997
40  319.106995
41  308.036011
42  299.471008
43  308.890015
44  305.828003
45  305.502991
46  300.040985
47  321.200989
48  321.985992
   8 
1  323.864014
2  330.225006
3  314.656006
4  321.871002
5  316.458008
6  291.899994
7  287.971008
8  282.811005
9  302.498993
10  328.037994
11  330.980988
12  329.148987
13  326.824005
14  327.908997
15  307.936005
16  296.145996
17  299.621002
18  271.230988
19  236.179993
20  179.227997
21  165.061005
22  237.020004
23  264.494995
24  283.306000
25  305.766998
26  311.766998
27  309.131989
28  299.135010
29  299.436005
30  290.710999
31  297.207001
32  297.023987
33  288.511993
34  317.186005
35  320.023987
36  330.270996
37  320.183990
38  331.484009
39  324.278992
40  318.157990
41  307.364014
42  294.695007
43  301.386993
44  298.566986
45  294.255005
46  290.726990
47  312.579010
48  321.342987
   9 
1  323.368011
2  329.240997
3  314.401001
4  320.325012
5  313.996002
6  288.584015
7  281.167999
8  271.950989
9  289.173004
10  319.809998
11  329.901001
12  328.377014
13  326.352997
14  327.091003
15  307.821991
16  295.695007
17  297.463013
18  268.946991
19  231.033005
20  175.947006
21  161.746994
22  228.024994
23  253.852997
24  272.807007
25  294.209015
26  301.773987
27  299.799011
28  289.522003
29  288.333008
30  279.250000
31  283.027008
32  279.756012
33  268.950012
34  297.821014
35  305.444000
36  316.256989
37  312.735992
38  326.643005
39  321.545013
40  316.309998
41  305.408997
42  290.414001
43  293.226990
44  286.609985
45  279.885010
46  275.233002
47  297.580994
48  311.804993
   10 
1  324.773010
2  331.510986
3  315.053986
4  322.437988
5  317.167999
6  294.113007
7  293.376007
8  292.864990
9  313.713013
10  328.989990
11  332.354004
12  330.010010
13  327.786987
14  330.113007
15  307.954987
16  296.824005
17  302.207001
18  273.466003
19  240.576996
20  181.572998
21  167.373001
22  243.949997
23  272.579987
24  288.259003
25  314.019012
26  318.161987
27  315.061005
28  303.429993
29  303.187988
30  294.399994
31  303.369995
32  306.000000
33  300.632996
34  325.199005
35  321.054993
36  331.957001
37  320.320007
38  331.894012
39  324.596008
40  318.855988
41  307.980988
42  298.454987
43  308.199005
44  305.536987
45  304.212006
46  299.697998
47  321.108002
48  321.951996
