   1 
1  508.509003
2  515.617981
3  499.682007
4  507.911987
5  502.190002
6  471.664001
7  476.234985
8  472.601013
9  489.316986
10  513.028015
11  516.927002
12  515.546021
13  512.278992
14  517.189026
15  492.002014
16  478.574005
17  485.164001
18  446.563995
19  409.786011
20  334.588013
21  311.877991
22  385.614990
23  414.373993
24  434.899994
25  493.472992
26  502.737000
27  498.050995
28  485.216003
29  482.893005
30  471.141998
31  484.040009
32  488.234009
33  480.490997
34  506.670990
35  504.191986
36  511.360992
37  505.562012
38  511.927002
39  509.127991
40  504.243011
41  492.062012
42  478.630005
43  486.661011
44  486.317993
45  489.085999
46  483.601013
47  503.893005
48  507.135986
   2 
1  422.191986
2  434.058014
3  423.005005
4  426.565002
5  418.885010
6  386.183014
7  372.217010
8  350.871002
9  357.712006
10  398.153015
11  415.415009
12  420.200989
13  425.963989
14  429.290985
15  410.139008
16  394.966003
17  393.000000
18  356.760010
19  311.804993
20  247.720001
21  230.942993
22  281.575012
23  303.549011
24  323.407013
25  359.938995
26  372.471008
27  371.876007
28  363.036011
29  360.404999
30  347.108002
31  345.390015
32  341.657990
33  329.122986
34  356.431000
35  377.109985
36  387.872986
37  389.546997
38  399.033997
39  399.820007
40  393.416992
41  379.558990
42  357.937012
43  349.101013
44  339.023987
45  334.401001
46  331.554993
47  351.279999
48  373.789001
   3 
1  507.006012
2  514.494019
3  499.398010
4  507.484009
5  501.601013
6  470.191986
7  471.609009
8  463.558990
9  480.371002
10  512.268982
11  515.593994
12  514.705994
13  511.453003
14  513.627014
15  491.971008
16  477.755005
17  482.458008
18  444.644012
19  407.160004
20  332.393005
21  309.667999
22  381.040985
23  409.290985
24  431.432007
25  483.488007
26  495.829010
27  495.207001
28  484.898987
29  482.079010
30  470.074005
31  479.864990
32  482.028992
33  471.085999
34  501.878998
35  503.846985
36  509.190002
37  504.907013
38  511.183990
39  509.007996
40  503.617004
41  491.621002
42  475.312988
43  481.697998
44  480.308014
45  481.057007
46  477.847992
47  498.858002
48  506.716003
   4 
1  508.804993
2  515.848999
3  499.750000
4  507.936005
5  502.279999
6  471.742004
7  476.402008
8  473.266998
9  489.928986
10  513.077026
11  517.143982
12  515.632996
13  512.445984
14  518.486023
15  492.003998
16  478.628998
17  485.441986
18  446.826996
19  410.106995
20  334.872009
21  312.170990
22  386.106995
23  414.949005
24  435.194000
25  494.739990
26  502.756989
27  498.078003
28  485.229004
29  482.940002
30  471.164001
31  484.149994
32  488.471008
33  481.151001
34  506.785004
35  504.216003
36  511.721985
37  505.622986
38  511.947998
39  509.156006
40  504.373993
41  492.076996
42  478.967987
43  486.760010
44  486.468994
45  489.295013
46  483.636993
47  503.912994
48  507.210999
   5 
1  333.292999
2  350.489990
3  341.846008
4  340.595001
5  329.628998
6  297.307007
7  273.364014
8  244.136002
9  243.550995
10  275.242004
11  312.191010
12  325.011993
13  341.063995
14  345.627014
15  328.720001
16  313.640991
17  308.157990
18  272.774994
19  222.214005
20  163.817001
21  150.352997
22  181.996994
23  198.072006
24  213.848007
25  242.097000
26  252.660004
27  250.311996
28  239.751999
29  232.957993
30  220.031998
31  211.341995
32  203.641998
33  192.488007
34  214.925003
35  235.186005
36  250.539993
37  266.609009
38  283.824005
39  292.497986
40  284.372986
41  269.807007
42  246.403000
43  226.826996
44  209.884003
45  202.154999
46  198.802002
47  216.216003
48  237.171997
   6 
1  402.648010
2  421.601013
3  413.506989
4  414.316010
5  404.319000
6  371.472992
7  351.623993
8  325.605988
9  329.276001
10  366.990997
11  399.671997
12  412.467987
13  425.634003
14  429.290009
15  409.875000
16  394.445007
17  390.153015
18  353.911987
19  305.316986
20  242.884003
21  226.042999
22  266.464996
23  285.559998
24  303.684998
25  335.437012
26  347.798004
27  346.708008
28  337.309998
29  332.656006
30  319.335999
31  313.065002
32  305.296997
33  292.592010
34  318.566010
35  339.806000
36  354.859009
37  366.635010
38  380.076996
39  385.149994
40  377.617004
41  363.140991
42  339.575989
43  324.333008
44  309.798004
45  302.540985
46  299.493011
47  318.837006
48  340.093994
   7 
1  508.191010
2  515.328003
3  499.601990
4  507.847992
5  502.054993
6  471.447998
7  475.674011
8  471.084015
9  487.885986
10  512.908997
11  516.614014
12  515.382019
13  511.997009
14  515.679016
15  491.990997
16  478.433014
17  484.661987
18  446.213013
19  409.362000
20  334.238007
21  311.519989
22  384.893005
23  413.532990
24  434.464996
25  491.455994
26  502.681000
27  497.980011
28  485.164001
29  482.760986
30  471.035004
31  483.434998
32  487.333008
33  478.885010
34  506.398010
35  504.136993
36  510.735992
37  505.437012
38  511.906006
39  509.097992
40  504.076996
41  492.028992
42  478.044006
43  486.320007
44  485.950989
45  488.621002
46  483.549011
47  503.865997
48  507.029999
   8 
1  506.222992
2  513.867004
3  499.266998
4  507.033997
5  501.214996
6  468.966003
7  467.084991
8  456.092987
9  472.167999
10  511.287994
11  514.815979
12  514.112976
13  511.192993
14  513.195007
15  491.946991
16  477.165009
17  480.346008
18  442.997986
19  404.475006
20  330.153992
21  307.433990
22  376.378998
23  404.019989
24  426.916992
25  475.545013
26  488.445007
27  488.313995
28  478.848999
29  477.876007
30  465.414001
31  473.087006
32  473.404999
33  460.701996
34  493.109985
35  501.938995
36  508.450012
37  504.489014
38  510.380005
39  508.705994
40  503.298004
41  490.679993
42  472.540985
43  475.989014
44  472.071014
45  470.940002
46  468.817993
47  490.348999
48  503.148987
   9 
1  505.369995
2  512.906982
3  499.108002
4  505.113007
5  498.183990
6  465.235992
7  458.213013
8  442.687988
9  456.130005
10  498.584015
11  513.768005
12  513.257019
13  510.923004
14  513.059998
15  491.798004
16  476.563995
17  477.164001
18  440.104004
19  399.065002
20  325.457001
21  302.601990
22  365.760010
23  391.737000
24  414.207001
25  457.799988
26  473.045990
27  472.707001
28  463.864014
29  462.153992
30  448.830994
31  453.101013
32  450.112000
33  435.046997
34  467.200989
35  480.826996
36  488.959991
37  493.602997
38  503.294006
39  505.285004
40  501.023010
41  488.375000
42  467.765991
43  465.960999
44  457.566010
45  452.411987
46  448.945007
47  470.731995
48  489.872986
   10 
1  507.673004
2  514.963013
3  499.506989
4  507.720001
5  501.863007
6  470.958008
7  474.665985
8  468.570007
9  485.476013
10  512.672974
11  516.179016
12  515.109009
13  511.678009
14  514.435974
15  491.981995
16  478.170990
17  483.809998
18  445.623993
19  408.596985
20  333.592010
21  310.869995
22  383.549011
23  412.031006
24  433.502014
25  488.303986
26  501.096008
27  497.825012
28  485.058014
29  482.490997
30  470.731995
31  482.178986
32  485.494995
33  475.992004
34  505.529999
35  504.027008
36  509.875000
37  505.221008
38  511.558014
39  509.058990
40  503.871002
41  491.967010
42  477.040009
43  485.178986
44  484.325989
45  486.065002
46  482.772003
47  503.343994
48  506.885986
