   1 
1  171.233002
2  177.084000
3  165.623001
4  172.529999
5  167.246994
6  147.841003
7  148.584000
8  150.466995
9  164.632004
10  175.492996
11  180.026993
12  178.589996
13  174.352997
14  178.606995
15  162.192001
16  154.397995
17  159.985992
18  137.093994
19  126.671997
20  109.592003
21  99.361000
22  134.796005
23  145.772003
24  144.636002
25  163.300995
26  166.406998
27  162.074005
28  154.572998
29  154.514008
30  146.738998
31  153.722000
32  162.781998
33  158.311005
34  168.414993
35  167.182999
36  170.677002
37  170.776993
38  172.977005
39  173.940994
40  168.834000
41  161.367996
42  160.794998
43  160.171997
44  154.378998
45  156.287003
46  150.800003
47  168.285004
48  171.276993
   2 
1  135.423996
2  144.656006
3  136.710007
4  141.084000
5  135.022003
6  114.183998
7  111.564003
8  106.739998
9  119.910004
10  132.203003
11  139.740997
12  141.276993
13  141.738998
14  145.382004
15  130.845993
16  122.483002
17  125.366997
18  103.947998
19  91.781998
20  77.504997
21  69.824997
22  97.092003
23  105.341003
24  106.574997
25  116.314003
26  119.872002
27  116.291000
28  109.457001
29  107.397003
30  99.917999
31  100.999001
32  108.260002
33  104.309998
34  114.734001
35  118.538002
36  122.311996
37  123.891998
38  127.656998
39  130.132996
40  125.050003
41  117.650002
42  110.497002
43  105.957001
44  101.339996
45  102.281998
46  98.362999
47  114.617996
48  121.116997
   3 
1  170.207993
2  176.541000
3  165.567993
4  172.311996
5  166.975006
6  146.845993
7  147.283005
8  147.451004
9  162.654007
10  174.966003
11  178.949005
12  178.048996
13  174.261993
14  177.378998
15  162.188995
16  154.177994
17  159.158997
18  136.572006
19  126.045998
20  108.932999
21  98.693001
22  133.757004
23  143.869003
24  143.585007
25  159.473999
26  163.871002
27  160.503006
28  153.983994
29  153.529007
30  145.815002
31  151.949005
32  160.531006
33  155.514999
34  166.298004
35  166.565002
36  169.720993
37  169.731995
38  172.585999
39  173.914001
40  168.589005
41  161.274002
42  158.938004
43  158.050003
44  152.483002
45  153.809998
46  148.677002
47  166.388000
48  170.658005
   4 
1  171.279007
2  177.186005
3  165.636993
4  172.546005
5  167.287003
6  147.931000
7  148.660995
8  150.692993
9  164.744995
10  175.518005
11  180.197998
12  178.625000
13  174.365997
14  179.082001
15  162.190994
16  154.417007
17  160.067993
18  137.167999
19  126.755997
20  109.686996
21  99.464996
22  134.897003
23  146.044998
24  144.738007
25  163.705994
26  166.445007
27  162.112000
28  154.606995
29  154.563995
30  146.783005
31  153.806000
32  162.891006
33  158.487000
34  168.498001
35  167.229004
36  170.768005
37  170.858002
38  172.977005
39  173.940994
40  168.882996
41  161.371994
42  160.992996
43  160.227997
44  154.442993
45  156.345993
46  150.858002
47  168.322006
48  171.403000
   5 
1  131.274994
2  139.285004
3  131.938004
4  134.238998
5  127.598999
6  107.065002
7  101.747002
8  97.392998
9  107.226997
10  123.200996
11  133.669998
12  136.606003
13  139.923996
14  144.082993
15  129.453003
16  121.190002
17  121.713997
18  102.031998
19  89.004997
20  74.234001
21  67.181999
22  88.671997
23  98.455002
24  102.098000
25  109.750999
26  112.857002
27  109.030998
28  102.003998
29  99.162003
30  90.754997
31  86.997002
32  92.502998
33  88.929001
34  101.875000
35  110.542000
36  115.212997
37  119.015999
38  123.220001
39  124.751999
40  119.259003
41  111.030998
42  100.367996
43  94.485001
44  87.722000
45  87.704002
46  84.070999
47  100.564003
48  111.778000
   6 
1  133.753006
2  142.434998
3  134.966003
4  138.835999
5  132.490997
6  111.754997
7  107.323997
8  103.318001
9  115.836998
10  129.535995
11  138.203995
12  140.580002
13  141.557007
14  145.384995
15  130.641998
16  122.258003
17  123.900002
18  103.539001
19  91.176003
20  76.758003
21  69.254997
22  94.980003
23  103.522003
24  105.474998
25  114.112000
26  117.448997
27  113.751999
28  106.966003
29  105.196999
30  97.205002
31  95.199997
32  102.635002
33  98.967003
34  111.454002
35  117.281998
36  120.864998
37  122.346001
38  126.133003
39  128.197006
40  123.210999
41  115.291000
42  106.442001
43  101.214996
44  95.983002
45  96.666000
46  92.832001
47  110.237999
48  118.544998
   7 
1  171.169998
2  176.951004
3  165.608002
4  172.494995
5  167.184998
6  147.677002
7  148.455002
8  150.000000
9  164.386993
10  175.423004
11  179.772995
12  178.501999
13  174.332993
14  178.067001
15  162.190994
16  154.360001
17  159.856995
18  137.013000
19  126.578003
20  109.492996
21  99.249001
22  134.666000
23  145.417999
24  144.501007
25  162.662994
26  166.307999
27  161.970993
28  154.477997
29  154.360992
30  146.606995
31  153.432999
32  162.434998
33  157.848007
34  168.237000
35  167.080002
36  170.494003
37  170.587997
38  172.975998
39  173.940002
40  168.770996
41  161.358994
42  160.421997
43  160.016998
44  154.238007
45  156.175995
46  150.712997
47  168.244003
48  171.126007
   8 
1  169.227997
2  176.203995
3  165.542999
4  172.082001
5  166.800003
6  146.186996
7  145.888000
8  144.891998
9  160.442001
10  174.335999
11  178.326004
12  177.610001
13  174.177994
14  177.153000
15  162.173004
16  153.998993
17  158.483002
18  136.128006
19  125.352997
20  108.236000
21  97.985001
22  132.449997
23  142.091003
24  142.253006
25  156.746002
26  161.384995
27  157.917999
28  151.339005
29  151.434006
30  143.697998
31  149.406006
32  157.470001
33  152.212006
34  163.003998
35  165.462006
36  169.100998
37  169.048004
38  171.714005
39  173.675995
40  168.459000
41  161.039001
42  157.356003
43  155.701996
44  150.324997
45  151.388000
46  146.121994
47  163.867996
48  169.057999
   9 
1  168.050995
2  175.625000
3  165.513000
4  171.244003
5  165.610992
6  144.354996
7  142.811005
8  139.837006
9  155.792999
10  169.082993
11  177.498001
12  176.955994
13  174.035995
14  177.154999
15  162.065994
16  153.673004
17  157.470001
18  135.309006
19  123.916000
20  106.706001
21  96.446999
22  128.998001
23  137.998001
24  138.535995
25  151.164993
26  155.837006
27  152.393005
28  145.585999
29  144.884003
30  136.988998
31  141.490997
32  148.369003
33  142.856995
34  154.335999
35  157.005997
36  161.069000
37  164.164001
38  168.091995
39  171.298996
40  167.126999
41  160.085007
42  154.520996
43  151.356003
44  145.660995
45  145.802002
46  140.716995
47  158.494995
48  163.664001
   10 
1  171.022003
2  176.776001
3  165.589996
4  172.431000
5  167.095993
6  147.324997
7  148.210999
8  149.154999
9  163.923004
10  175.263000
11  179.421005
12  178.332993
13  174.309006
14  177.656998
15  162.190002
16  154.289993
17  159.615997
18  136.852005
19  126.389999
20  109.296997
21  99.042999
22  134.371002
23  144.834000
24  144.195007
25  161.399002
26  165.619003
27  161.759995
28  154.287994
29  154.035004
30  146.322006
31  152.878998
32  161.757996
33  156.990005
34  167.779007
35  166.880005
36  170.182007
37  170.242004
38  172.975006
39  173.934998
40  168.690002
41  161.337997
42  159.828995
43  159.501999
44  153.682007
45  155.332001
46  150.302002
47  167.960999
48  170.934998
