   1 
1  338.591003
2  344.500000
3  327.946991
4  335.044006
5  330.036987
6  306.110992
7  305.803986
8  306.743988
9  326.377991
10  341.602997
11  345.346008
12  342.763000
13  341.350006
14  346.911987
15  320.601013
16  309.477997
17  314.872009
18  284.476013
19  250.593994
20  189.964996
21  174.727005
22  250.214996
23  278.131989
24  292.596985
25  323.618988
26  329.203003
27  325.765015
28  314.337006
29  315.269012
30  305.578003
31  314.424988
32  316.307007
33  311.412994
34  334.897003
35  332.192993
36  346.414001
37  333.141998
38  345.037994
39  337.201996
40  331.803986
41  320.582001
42  311.179993
43  319.760010
44  317.479004
45  317.615997
46  311.687988
47  332.657990
48  334.701996
   2 
1  294.209015
2  302.054993
3  288.794006
4  293.557007
5  287.170990
6  260.574005
7  250.123993
8  237.098999
9  250.501007
10  281.868011
11  292.915985
12  294.191986
13  295.773010
14  297.036987
15  279.221985
16  266.837006
17  267.222992
18  237.259995
19  195.729004
20  145.718994
21  133.772003
22  190.990997
23  213.610992
24  232.804001
25  255.610001
26  262.632996
27  260.303009
28  251.104004
29  249.593002
30  239.828995
31  240.475998
32  236.016006
33  225.809006
34  252.863007
35  264.535004
36  276.675995
37  273.837006
38  286.578003
39  281.766998
40  275.023987
41  263.731995
42  247.014008
43  246.115997
44  239.257996
45  233.593002
46  229.606995
47  250.311996
48  265.036011
   3 
1  336.765015
2  343.294006
3  327.511993
4  334.779999
5  329.476990
6  304.890991
7  303.355011
8  300.734985
9  320.402008
10  341.079987
11  344.231995
12  342.148010
13  339.712006
14  341.673004
15  320.589996
16  309.069000
17  313.522003
18  283.354004
19  248.384003
20  188.826004
21  173.598999
22  246.035995
23  273.148010
24  290.790985
25  318.457001
26  325.239990
27  323.330994
28  313.378998
29  313.933014
30  304.467987
31  311.897003
32  312.243011
33  305.009003
34  332.000000
35  331.561005
36  342.656006
37  333.007996
38  344.218994
39  337.037994
40  331.121002
41  320.424988
42  308.579987
43  317.208008
44  315.145996
45  313.074005
46  308.903015
47  330.424988
48  334.587006
   4 
1  339.226013
2  344.739014
3  328.050995
4  335.056000
5  330.114990
6  306.186005
7  305.946014
8  307.335999
9  326.846985
10  341.638000
11  345.505005
12  342.843994
13  341.807007
14  348.791992
15  320.610992
16  309.497986
17  314.942993
18  284.550995
19  250.751999
20  190.063004
21  174.828995
22  250.671005
23  278.691986
24  292.704010
25  324.144012
26  329.260010
27  325.826996
28  314.377991
29  315.368988
30  305.658997
31  314.613007
32  316.627991
33  312.035004
34  335.015015
35  332.244995
36  347.010986
37  333.166992
38  345.076996
39  337.242004
40  331.941986
41  320.592987
42  311.541992
43  319.868988
44  317.609009
45  317.850006
46  311.726013
47  332.674988
48  334.712006
   5 
1  250.367996
2  264.696991
3  254.483994
4  255.822998
5  247.102997
6  219.598999
7  201.119003
8  179.781006
9  188.567001
10  219.328003
11  244.151993
12  252.272003
13  259.277008
14  261.424988
15  244.108002
16  231.382996
17  228.675995
18  198.401001
19  150.628998
20  108.758003
21  98.900002
22  140.770004
23  158.729996
24  176.332001
25  196.643005
26  203.994003
27  200.695007
28  190.996002
29  186.737000
30  176.572998
31  170.871002
32  164.033005
33  154.964996
34  181.268005
35  194.348999
36  208.447998
37  214.794006
38  230.731995
39  230.987000
40  224.268005
41  212.501007
42  193.009003
43  182.244003
44  169.934998
45  163.192993
46  160.485992
47  180.468002
48  196.617004
   6 
1  284.786011
2  296.213013
3  284.812012
4  287.360992
5  279.302002
6  252.283005
7  237.039993
8  219.432999
9  231.444000
10  262.427002
11  284.183990
12  290.445007
13  295.437012
14  297.037994
15  278.996002
16  266.334991
17  264.697998
18  234.444000
19  189.285995
20  143.042999
21  131.324997
22  180.244995
23  200.455002
24  219.108994
25  239.755997
26  248.050003
27  245.492004
28  236.330994
29  233.667007
30  223.384003
31  220.078995
32  212.716995
33  203.692001
34  231.020004
35  243.138000
36  256.153992
37  260.242004
38  274.774994
39  273.153992
40  266.562012
41  254.929993
42  236.268005
43  229.432007
44  219.358002
45  212.707001
46  209.718994
47  230.541000
48  245.259003
   7 
1  338.010010
2  344.191010
3  327.824005
4  335.006989
5  329.912994
6  305.958008
7  305.529999
8  305.679993
9  325.424988
10  341.519989
11  345.100006
12  342.635986
13  340.799011
14  344.898010
15  320.598999
16  309.428009
17  314.713989
18  284.342010
19  250.334000
20  189.792007
21  174.548996
22  249.427002
23  277.173004
24  292.356995
25  322.645996
26  328.949005
27  325.639008
28  314.244995
29  315.042999
30  305.389008
31  314.015015
32  315.627991
33  310.253998
34  334.641998
35  332.084015
36  345.329010
37  333.108002
38  344.997009
39  337.161987
40  331.625000
41  320.558014
42  310.619995
43  319.488007
44  317.234985
45  316.903992
46  311.612000
47  332.617004
48  334.682007
   8 
1  336.312988
2  342.653992
3  327.316986
4  334.460999
5  329.112000
6  303.848999
7  300.895996
8  295.917999
9  315.005005
10  340.540009
11  343.549988
12  341.714996
13  339.303986
14  340.523010
15  320.582001
16  308.704010
17  312.153992
18  282.140991
19  246.039993
20  187.662003
21  172.451996
22  242.552002
23  269.031006
24  288.188995
25  313.808990
26  321.813995
27  319.671997
28  310.057007
29  310.833008
30  301.472992
31  307.903015
32  306.867004
33  298.326996
34  326.910004
35  330.084015
36  340.994995
37  332.936005
38  343.816986
39  336.868988
40  330.778992
41  320.024994
42  306.688995
43  313.726990
44  311.061005
45  307.510986
46  303.579010
47  325.207001
48  333.799011
   9 
1  335.873993
2  341.803986
3  327.088013
4  333.281006
5  327.246002
6  301.269012
7  295.638000
8  287.227997
9  304.622986
10  334.312988
11  342.621002
12  341.075012
13  338.906006
14  339.783997
15  320.500000
16  308.263000
17  310.274994
18  280.221008
19  241.895004
20  185.237000
21  170.011993
22  235.667007
23  260.872009
24  280.503998
25  304.868988
26  313.394012
27  311.798004
28  302.152008
29  302.162994
30  292.682007
31  297.049988
32  293.575012
33  283.182007
34  312.080994
35  318.996002
36  329.636993
37  326.769012
38  339.860992
39  334.549988
40  329.049988
41  318.312988
42  303.024994
43  307.174011
44  301.992004
45  296.346985
46  291.949005
47  313.640015
48  325.763000
   10 
1  337.190002
2  343.795013
3  327.679993
4  334.931000
5  329.730988
6  305.558990
7  304.919006
8  303.877014
9  323.683014
10  341.360992
11  344.735992
12  342.433014
13  340.205994
14  343.010986
15  320.596008
16  309.302002
17  314.364990
18  284.053009
19  249.697006
20  189.460007
21  174.218994
22  248.126999
23  275.612000
24  291.830994
25  321.039001
26  327.652008
27  325.375000
28  314.072998
29  314.622009
30  305.041992
31  313.242004
32  314.393005
33  308.282013
34  334.009003
35  331.877014
36  343.864014
37  333.063995
38  344.334015
39  337.108002
40  331.399994
41  320.507996
42  309.786011
43  318.889008
44  316.820007
45  315.666992
46  311.186005
47  332.362000
48  334.644989
