   1 
1  628.427979
2  636.898987
3  621.877014
4  630.403015
5  624.318970
6  593.286011
7  596.968018
8  596.122986
9  610.280029
10  632.435974
11  639.007019
12  638.026978
13  633.031006
14  637.953003
15  614.903992
16  600.757996
17  604.544983
18  565.229980
19  523.755005
20  439.851013
21  411.962006
22  493.350006
23  523.020996
24  551.666992
25  617.343994
26  620.995972
27  616.484009
28  602.888977
29  602.403015
30  587.635010
31  600.638000
32  603.440979
33  596.817993
34  621.780029
35  620.291016
36  624.880981
37  625.343018
38  630.119019
39  632.463013
40  626.026978
41  613.580017
42  604.383972
43  611.942017
44  608.695007
45  609.762024
46  603.614014
47  624.221985
48  627.547974
   2 
1  510.757996
2  527.208984
3  519.343994
4  522.023010
5  514.026978
6  479.053009
7  460.200012
8  437.222992
9  439.213989
10  482.399994
11  505.958008
12  514.362976
13  523.392029
14  528.547974
15  510.119995
16  493.196991
17  488.174988
18  451.071991
19  400.796997
20  322.127014
21  301.264008
22  351.516998
23  373.375000
24  395.201996
25  435.843994
26  451.127991
27  452.237000
28  441.984009
29  436.778015
30  420.852997
31  415.029999
32  409.084991
33  397.414001
34  428.888000
35  451.404999
36  460.454010
37  467.393005
38  475.072998
39  481.738007
40  475.273010
41  460.407013
42  437.721985
43  426.946014
44  413.421997
45  406.759003
46  405.006989
47  426.032013
48  449.841003
   3 
1  624.822998
2  635.611023
3  621.734985
4  629.963989
5  623.817017
6  591.604004
7  591.309998
8  584.367004
9  598.392029
10  631.585022
11  637.554993
12  637.039001
13  632.719971
14  635.820007
15  614.867981
16  599.333984
17  601.101990
18  562.729980
19  520.666016
20  436.622986
21  408.683014
22  487.496002
23  517.086975
24  545.585999
25  605.911011
26  618.460022
27  615.338013
28  601.887024
29  599.682983
30  584.893005
31  593.500977
32  593.601990
33  583.427002
34  618.046021
35  619.283997
36  623.271973
37  623.794983
38  627.734009
39  632.023987
40  625.599976
41  613.387024
42  599.361023
43  608.718018
44  604.341980
45  602.422974
46  598.489990
47  620.182983
48  626.455017
   4 
1  629.262024
2  637.122009
3  621.911987
4  630.427002
5  624.398010
6  593.301025
7  597.073975
8  596.989990
9  611.145996
10  632.508972
11  639.255005
12  638.124023
13  633.106018
14  638.869995
15  614.903992
16  600.924011
17  604.916992
18  565.552979
19  524.096008
20  440.239014
21  412.367004
22  493.808014
23  523.479980
24  552.125000
25  617.630981
26  621.085022
27  616.585022
28  602.973999
29  602.687012
30  587.882996
31  600.966980
32  603.950012
33  597.773987
34  621.931030
35  620.380005
36  625.093018
37  625.465027
38  630.122009
39  632.466003
40  626.111023
41  613.591980
42  604.973022
43  612.077026
44  608.804016
45  609.892029
46  603.682007
47  624.276001
48  627.757019
   5 
1  385.519989
2  407.639008
3  402.135986
4  399.842010
5  387.962006
6  353.092010
7  325.181000
8  294.276001
9  287.210999
10  317.786987
11  360.023987
12  375.967010
13  400.209015
14  407.561005
15  392.265991
16  375.652008
17  367.683990
18  331.078003
19  276.509003
20  199.981003
21  183.106003
22  210.557999
23  225.962997
24  242.067993
25  270.790009
26  281.265991
27  279.910004
28  268.217010
29  259.855011
30  245.636002
31  234.556000
32  225.677994
33  214.070999
34  236.639008
35  259.402008
36  276.015991
37  296.613007
38  311.572998
39  322.350006
40  313.886993
41  298.132996
42  273.151001
43  251.906006
44  232.766006
45  223.630997
46  220.451004
47  237.550995
48  260.570007
   6 
1  486.028015
2  512.950012
3  508.954987
4  508.558014
5  497.481995
6  461.947998
7  437.440002
8  409.496002
9  407.196991
10  446.395996
11  487.825012
12  504.915985
13  522.429016
14  528.200012
15  509.726013
16  492.557007
17  485.574005
18  448.333008
19  394.832001
20  315.622986
21  294.420990
22  332.135010
23  350.902008
24  370.112000
25  404.337006
26  417.397003
27  417.894989
28  407.575989
29  401.377991
30  385.996002
31  376.174011
32  366.378998
33  352.510986
34  380.449005
35  405.803986
36  420.213989
37  436.756012
38  449.394012
39  460.834991
40  453.503998
41  437.720001
42  412.221985
43  394.931000
44  377.062012
45  367.114990
46  363.955994
47  383.596008
48  408.894989
   7 
1  627.405029
2  636.627014
3  621.836975
4  630.346008
5  624.200012
6  593.223022
7  596.573975
8  594.250977
9  608.414001
10  632.286987
11  638.656982
12  637.830994
13  632.935974
14  636.926025
15  614.901001
16  600.434998
17  603.843018
18  564.695007
19  523.181030
20  439.226990
21  411.320007
22  492.431000
23  522.101013
24  550.747986
25  616.851990
26  620.791016
27  616.263000
28  602.693970
29  601.833984
30  587.146973
31  599.513000
32  601.864014
33  594.466980
34  621.489014
35  620.091003
36  624.499023
37  625.044006
38  629.666992
39  632.452026
40  625.918030
41  613.552002
42  603.327026
43  611.528015
44  608.471985
45  609.307983
46  603.504028
47  624.130981
48  627.171997
   8 
1  623.265991
2  633.689026
3  621.659973
4  629.445007
5  623.484985
6  589.724976
7  585.065002
8  574.593994
9  587.799988
10  630.609009
11  636.723999
12  636.357971
13  632.556030
14  635.648010
15  614.776978
16  598.421997
17  598.567017
18  560.778015
19  517.593994
20  433.528992
21  405.575989
22  481.265015
23  510.269012
24  538.335022
25  596.995972
26  609.935974
27  609.107971
28  598.197021
29  597.213013
30  581.747009
31  586.888977
32  584.450012
33  572.127991
34  609.343994
35  618.681030
36  622.450989
37  622.877014
38  626.450012
39  630.323975
40  624.734985
41  612.270020
42  595.296997
43  601.018005
44  595.471985
45  591.200989
46  588.848999
47  611.007019
48  624.442993
   9 
1  621.325989
2  631.127014
3  620.356995
4  626.036011
5  619.023987
6  583.812012
7  572.581970
8  556.632019
9  566.682983
10  613.791016
11  635.599976
12  635.372986
13  632.296021
14  635.645996
15  614.445984
16  597.419006
17  594.974976
18  557.414978
19  511.338989
20  426.885986
21  398.683990
22  466.204010
23  493.282013
24  519.888000
25  571.437988
26  588.851990
27  588.843994
28  577.434021
29  574.609985
30  558.286987
31  559.405029
32  553.273010
33  538.198975
34  577.296021
35  591.914978
36  600.466980
37  612.489990
38  620.616028
39  627.906982
40  622.572021
41  608.525024
42  587.783997
43  585.843994
44  575.218994
45  566.791016
46  563.882996
47  587.606995
48  605.010986
   10 
1  626.197998
2  636.265991
3  621.789978
4  630.224976
5  624.036011
6  592.773010
7  595.445984
8  590.968018
9  605.133972
10  632.023010
11  638.182983
12  637.513000
13  632.844971
14  636.208008
15  614.893005
16  599.979980
17  602.770996
18  563.934021
19  522.276001
20  438.272003
21  410.345001
22  490.705994
23  520.375977
24  549.007996
25  612.379028
26  620.445007
27  615.892029
28  602.369019
29  600.932983
30  586.315979
31  597.228027
32  598.778992
33  590.223022
34  620.874023
35  619.762024
36  623.966980
37  624.536987
38  628.812988
39  632.413025
40  625.780029
41  613.489014
42  601.693970
43  610.596008
44  607.551025
45  607.143005
46  603.078003
47  623.994019
48  626.843018
