   1 
1  623.447021
2  635.849976
3  621.453003
4  629.491028
5  623.882996
6  591.961975
7  596.981018
8  591.460999
9  606.216003
10  630.093994
11  638.187012
12  636.853027
13  632.171997
14  637.401978
15  613.674011
16  598.463989
17  603.965027
18  564.896973
19  525.689026
20  439.914001
21  411.484985
22  481.372986
23  508.506989
24  533.158997
25  606.406982
26  614.754028
27  610.171021
28  596.635010
29  594.150024
30  580.995972
31  594.848022
32  597.289978
33  588.484985
34  613.257019
35  612.528992
36  618.171997
37  620.114990
38  627.994019
39  631.244019
40  625.879028
41  613.231995
42  597.497986
43  605.666016
44  604.778992
45  605.557983
46  599.026978
47  619.166992
48  624.559021
   2 
1  476.020996
2  494.908997
3  488.622009
4  489.571014
5  481.481995
6  447.158997
7  428.130005
8  401.786011
9  401.513000
10  439.368011
11  468.688995
12  479.434998
13  492.013000
14  497.385010
15  479.005005
16  462.078003
17  456.718994
18  420.876007
19  371.540009
20  298.987000
21  280.194000
22  320.579987
23  339.230011
24  356.993988
25  396.835999
26  411.187988
27  410.169006
28  399.794006
29  394.089996
30  379.205994
31  373.347992
32  368.066010
33  355.837006
34  381.342010
35  403.734009
36  417.028015
37  426.368011
38  436.628998
39  443.903992
40  437.934998
41  422.915985
42  398.877991
43  383.502991
44  370.682007
45  365.127014
46  362.600006
47  380.971985
48  403.006012
   3 
1  619.192993
2  631.676025
3  621.289001
4  629.004028
5  623.356995
6  589.932007
7  590.812988
8  580.166016
9  594.866028
10  629.229004
11  636.750977
12  635.986023
13  631.968994
14  635.364990
15  613.637024
16  597.280029
17  600.109985
18  562.294983
19  522.625000
20  436.726013
21  408.247986
22  476.382996
23  503.468994
24  527.981018
25  592.408997
26  605.492981
27  605.161011
28  595.578979
29  592.708008
30  578.955017
31  588.299988
32  588.226990
33  575.486023
34  606.507019
35  611.663025
36  616.796021
37  618.724976
38  624.731995
39  629.354004
40  625.189026
41  612.739990
42  593.879028
43  599.119995
44  597.088013
45  596.145996
46  591.434998
47  611.898010
48  623.674011
   4 
1  624.328979
2  636.112976
3  621.487000
4  629.518982
5  623.963989
6  592.062012
7  597.117004
8  592.109009
9  606.861023
10  630.153015
11  638.424988
12  636.929016
13  632.226013
14  638.158997
15  613.677002
16  598.552979
17  604.387024
18  565.283997
19  526.088013
20  440.358002
21  411.944000
22  481.835999
23  508.970001
24  533.622009
25  608.198975
26  614.815979
27  610.236023
28  596.684021
29  594.218994
30  581.046997
31  594.994019
32  597.564026
33  589.239014
34  613.401001
35  612.573975
36  618.330017
37  620.177002
38  628.591980
39  631.247009
40  625.979004
41  613.247986
42  597.770020
43  605.780029
44  604.895020
45  605.651001
46  599.080994
47  619.206970
48  624.755005
   5 
1  333.591003
2  358.001007
3  353.148010
4  349.723999
5  337.739990
6  304.976990
7  278.032013
8  245.563004
9  236.253998
10  260.609009
11  300.895996
12  319.917999
13  346.459015
14  354.006989
15  339.397003
16  323.040009
17  315.408997
18  280.761993
19  227.893005
20  160.098007
21  146.298996
22  166.863998
23  179.406998
24  191.936996
25  218.912003
26  229.069000
27  225.462997
28  213.130997
29  204.220001
30  191.487000
31  180.927002
32  173.440994
33  162.582001
34  180.128998
35  199.164001
36  214.757004
37  233.175995
38  249.679993
39  261.256012
40  252.494003
41  237.444000
42  213.817993
43  191.964005
44  174.641006
45  166.901001
46  163.604996
47  178.401993
48  198.128998
   6 
1  443.388000
2  473.519989
3  470.984985
4  469.028015
5  457.522003
6  423.408997
7  399.272003
8  368.737000
9  363.782990
10  396.566010
11  442.571014
12  463.045013
13  488.494995
14  494.552002
15  476.774994
16  459.641998
17  452.540985
18  416.605988
19  364.028015
20  291.092010
21  271.987000
22  300.962006
23  316.584015
24  331.787994
25  364.295013
26  376.739990
27  374.656006
28  363.558990
29  356.427002
30  342.337006
31  332.457001
32  323.498993
33  309.622009
34  331.864014
35  354.432007
36  369.057007
37  388.476990
38  404.446014
39  416.817993
40  409.369995
41  393.794006
42  368.162994
43  347.856995
44  330.766998
45  321.903015
46  318.174988
47  335.283997
48  356.971985
   7 
1  622.309021
2  635.286987
3  621.414001
4  629.421021
5  623.762024
6  591.666016
7  596.335999
8  589.690002
9  604.466003
10  629.956970
11  637.844971
12  636.692017
13  632.104004
14  636.362000
15  613.666992
16  598.255005
17  603.252014
18  564.429993
19  525.237976
20  439.417999
21  410.971985
22  480.747986
23  507.880005
24  532.533020
25  603.588989
26  614.583008
27  609.987976
28  596.476990
29  593.937012
30  580.773987
31  593.898987
32  595.971985
33  586.302979
34  612.906006
35  612.403015
36  617.905029
37  619.927002
38  627.210022
39  631.237000
40  625.750977
41  613.197021
42  596.914001
43  605.288025
44  604.523010
45  605.374023
46  598.984009
47  619.143982
48  624.327026
   8 
1  617.065979
2  629.120972
3  619.336975
4  626.594971
5  621.742004
6  587.067017
7  583.190979
8  569.216980
9  582.807983
10  626.822021
11  635.913025
12  635.343994
13  631.835022
14  635.116028
15  613.593994
16  596.565979
17  597.245972
18  560.119019
19  519.257019
20  433.355011
21  404.871002
22  470.385986
23  496.906006
24  521.080994
25  581.182007
26  595.669006
27  594.974976
28  585.283020
29  585.702026
30  571.265015
31  577.653992
32  575.372986
33  560.536011
34  593.890991
35  608.369019
36  615.812012
37  617.614990
38  622.942017
39  627.008972
40  622.796021
41  609.880005
42  588.950012
43  589.718018
44  584.388000
45  581.713013
46  579.020996
47  599.929993
48  616.299011
   9 
1  614.440979
2  625.830994
3  616.755981
4  621.289001
5  614.632019
6  579.125000
7  568.085999
8  548.739990
9  558.302002
10  604.171021
11  633.252014
12  634.377014
13  631.611023
14  635.114014
15  613.366028
16  596.031006
17  593.471008
18  556.614014
19  512.424011
20  426.161011
21  397.423004
22  455.355988
23  479.726013
24  502.513000
25  554.471008
26  573.403015
27  572.429016
28  561.713013
29  559.552002
30  544.028015
31  545.893005
32  539.492981
33  521.853027
34  555.406006
35  573.184998
36  583.388000
37  599.088013
38  610.138977
39  619.924988
40  617.338989
41  604.088013
42  580.296021
43  573.364990
44  561.947998
45  553.981018
46  549.794006
47  571.353027
48  592.129028
   10 
1  620.914978
2  633.692017
3  621.361023
4  629.280029
5  623.591980
6  590.984985
7  595.169006
8  586.721008
9  601.575989
10  629.689026
11  637.377014
12  636.416016
13  632.051025
14  635.664001
15  613.655029
16  597.875977
17  602.044006
18  563.625000
19  524.351990
20  438.494995
21  410.036987
22  479.347992
23  506.480011
24  531.122009
25  599.184021
26  612.382996
27  609.575989
28  596.129028
29  593.468994
30  580.164978
31  591.911011
32  593.255981
33  582.291992
34  611.723999
35  612.122986
36  617.461975
37  619.481018
38  626.135986
39  631.140991
40  625.593018
41  613.135010
42  595.841003
43  603.893982
44  602.492981
45  602.245972
46  597.875000
47  618.380005
48  624.049011
