   1 
1  137.276001
2  143.688004
3  124.731003
4  132.212006
5  127.044998
6  104.068001
7  105.386002
8  106.261002
9  125.495003
10  139.278000
11  141.983002
12  140.600006
13  142.716003
14  147.384003
15  117.828003
16  110.178001
17  119.542999
18  88.997002
19  59.811001
20  19.448000
21  14.785000
22  93.477997
23  123.621002
24  128.500000
25  126.957001
26  127.070000
27  123.746002
28  114.130997
29  114.335999
30  107.485001
31  117.325996
32  125.193001
33  119.532997
34  134.841003
35  129.610001
36  149.257996
37  128.580994
38  147.906998
39  132.481003
40  129.417999
41  118.269997
42  113.855003
43  118.883003
44  114.516998
45  114.956001
46  108.847000
47  127.320000
48  131.733994
   2 
1  132.863007
2  138.899002
3  123.031998
4  130.182007
5  124.450996
6  101.261002
7  98.250999
8  86.516998
9  103.438004
10  131.399994
11  138.141998
12  137.533005
13  138.052002
14  136.244995
15  117.670998
16  108.704002
17  114.686996
18  84.555000
19  48.973000
20  18.431000
21  14.000000
22  77.094002
23  101.733002
24  119.616997
25  126.712997
26  127.016998
27  123.209000
28  114.058998
29  112.334000
30  105.205002
31  111.114998
32  110.225998
33  98.348999
34  119.821999
35  125.434998
36  137.768005
37  127.901001
38  144.167007
39  131.457001
40  126.630997
41  117.142998
42  105.021004
43  107.943001
44  101.450996
45  98.014999
46  92.154999
47  110.915001
48  123.771004
   3 
1  134.766006
2  142.100998
3  124.066002
4  131.865997
5  126.295998
6  103.690002
7  104.859001
8  101.875999
9  121.509003
10  138.705002
11  140.906006
12  139.764999
13  140.214005
14  139.606003
15  117.805000
16  110.136002
17  119.351997
18  88.691002
19  58.008999
20  19.253000
21  14.618000
22  88.925003
23  117.389000
24  128.192993
25  126.867996
26  127.064003
27  123.614998
28  114.133003
29  113.727997
30  107.380997
31  116.736000
32  123.070000
33  115.253998
34  134.080994
35  129.589005
36  144.072006
37  128.334000
38  146.496994
39  132.169006
40  128.431000
41  118.108002
42  110.855003
43  117.365997
44  113.636002
45  113.322998
46  108.663002
47  127.295998
48  131.561996
   4 
1  138.119995
2  144.018005
3  124.891998
4  132.233994
5  127.152000
6  104.111000
7  105.472000
8  107.000999
9  126.070999
10  139.309998
11  142.126007
12  140.733002
13  143.169006
14  150.330002
15  117.828003
16  110.180000
17  119.567001
18  89.056000
19  60.035999
20  19.478001
21  14.811000
22  94.165001
23  124.575996
24  128.526001
25  126.982002
26  127.070999
27  123.757004
28  114.128998
29  114.392998
30  107.487999
31  117.404999
32  125.442001
33  120.289001
34  134.917007
35  129.610001
36  150.110992
37  128.630005
38  147.977005
39  132.585007
40  129.628006
41  118.287003
42  114.448997
43  118.970001
44  114.653000
45  114.987999
46  108.872002
47  127.321999
48  131.744995
   5 
1  124.429001
2  135.447006
3  122.251999
4  126.572998
5  119.731003
6  95.757004
7  83.410004
8  63.064999
9  78.036003
10  110.774002
11  125.981003
12  132.153000
13  137.022003
14  135.003998
15  117.304001
16  107.503998
17  109.570000
18  79.399002
19  36.929001
20  16.580000
21  13.050000
22  61.237999
23  80.954002
24  98.997002
25  112.775002
26  116.199997
27  112.988998
28  104.320999
29  100.841003
30  91.807999
31  89.089996
32  82.835999
33  74.336998
34  100.169998
35  108.752998
36  121.138000
37  117.817001
38  134.600006
39  129.143005
40  123.969002
41  114.182999
42  98.689003
43  90.577003
44  77.522003
45  73.896004
46  71.058998
47  91.015999
48  106.191002
   6 
1  130.992004
2  137.132996
3  122.555000
4  127.410004
5  120.390999
6  97.292999
7  88.649002
8  72.025002
9  89.012001
10  117.919998
11  132.186005
12  136.106995
13  137.270996
14  135.001999
15  117.388000
16  108.025002
17  111.539001
18  81.269997
19  41.542000
20  17.479000
21  13.508000
22  68.205002
23  90.135002
24  108.569000
25  117.710999
26  121.280998
27  118.181000
28  109.446999
29  106.413002
30  98.081001
31  98.955002
32  93.232002
33  84.830002
34  109.706001
35  113.566002
36  125.982002
37  123.029999
38  139.686005
39  130.649002
40  125.153000
41  115.593002
42  101.489998
43  97.613998
44  87.630997
45  84.744003
46  82.222000
47  102.252998
48  112.750000
   7 
1  136.412003
2  143.270996
3  124.542000
4  132.156006
5  126.876999
6  103.997002
7  105.254997
8  105.176003
9  124.644997
10  139.190994
11  141.748993
12  140.408997
13  141.921997
14  144.412003
15  117.809998
16  110.168999
17  119.505997
18  88.918999
19  59.432999
20  19.409000
21  14.749000
22  92.422997
23  122.157997
24  128.438004
25  126.929001
26  127.069000
27  123.721001
28  114.132004
29  114.211998
30  107.478996
31  117.197998
32  124.788002
33  118.505997
34  134.718002
35  129.608994
36  147.729004
37  128.516998
38  147.835007
39  132.378006
40  129.153000
41  118.237999
42  113.072998
43  118.653999
44  114.330002
45  114.867996
46  108.814003
47  127.318001
48  131.679993
   8 
1  134.054001
2  141.287994
3  123.773003
4  131.570007
5  125.850998
6  103.413002
7  104.557999
8  99.319000
9  118.722000
10  138.175995
11  140.238998
12  139.244995
13  139.395004
14  137.919998
15  117.809998
16  109.876999
17  118.834000
18  88.165001
19  56.389000
20  19.094999
21  14.491000
22  86.245003
23  113.775002
24  127.928001
25  126.834000
26  127.058998
27  123.524002
28  114.129997
29  113.389999
30  107.154999
31  116.334999
32  121.346001
33  112.454002
34  132.617004
35  129.552002
36  142.199005
37  128.212006
38  145.546005
39  132.046005
40  127.957001
41  117.984001
42  109.365997
43  116.064003
44  111.655998
45  110.342003
46  105.523003
47  124.813004
48  131.455994
   9 
1  133.492004
2  140.257004
3  123.433998
4  131.089996
5  125.268997
6  102.763000
7  103.398003
8  95.208000
9  113.934998
10  137.287994
11  139.348007
12  138.539993
13  138.667007
14  136.891006
15  117.777000
16  109.307999
17  116.997002
18  86.483002
19  53.105999
20  18.819000
21  14.273000
22  82.581001
23  108.879997
24  124.763000
25  126.783997
26  127.046997
27  123.397003
28  114.117996
29  112.904999
30  106.469002
31  115.013000
32  117.961998
33  107.749001
34  127.958000
35  129.464996
36  140.959000
37  128.072998
38  145.112000
39  131.845993
40  127.371002
41  117.780998
42  107.544998
43  113.941002
44  108.401001
45  105.982002
46  100.622002
47  119.696999
48  131.182007
   10 
1  135.440994
2  142.748993
3  124.320999
4  132.048996
5  126.632004
6  103.886002
7  105.089996
8  103.742996
9  123.385002
10  139.016998
11  141.397995
12  140.125000
13  140.923004
14  141.591995
15  117.806000
16  110.162003
17  119.448997
18  88.841003
19  58.917999
20  19.344999
21  14.695000
22  90.936996
23  120.121002
24  128.306000
25  126.898003
26  127.067001
27  123.677002
28  114.132004
29  113.992996
30  107.464996
31  117.014999
32  124.147003
33  117.143997
34  134.539993
35  129.604996
36  145.630005
37  128.434998
38  146.718994
39  132.259003
40  128.826004
41  118.186996
42  112.075996
43  118.191002
44  114.070000
45  114.658997
46  108.771004
47  127.314003
48  131.634995
