   1 
1  628.604004
2  635.885986
3  620.659973
4  628.406006
5  623.638000
6  591.512024
7  601.138000
8  594.690002
9  614.646973
10  635.114990
11  638.431030
12  636.130981
13  631.689026
14  636.002991
15  613.119019
16  597.025024
17  605.432983
18  565.833008
19  529.606018
20  441.936005
21  414.233002
22  474.285004
23  501.869995
24  524.111023
25  606.184021
26  620.265991
27  619.739990
28  608.369019
29  603.192017
30  592.778015
31  609.760986
32  616.664978
33  606.851013
34  632.745972
35  629.723022
36  631.495972
37  629.021973
38  629.833984
39  630.580017
40  626.114990
41  612.820984
42  589.716003
43  588.609009
44  590.682007
45  606.843994
46  605.703979
47  625.919006
48  629.682007
   2 
1  474.773987
2  488.045013
3  477.135010
4  477.795013
5  468.993988
6  435.848999
7  421.885986
8  397.417999
9  400.084015
10  431.916992
11  453.204010
12  461.075989
13  470.153992
14  474.686005
15  457.019012
16  440.058990
17  436.972992
18  401.800995
19  356.665009
20  291.329987
21  274.265015
22  312.437012
23  332.291992
24  349.152008
25  391.529999
26  402.665985
27  401.481995
28  393.191986
29  390.140991
30  376.632996
31  374.859985
32  375.184998
33  362.921997
34  386.766998
35  404.877014
36  415.928986
37  424.471985
38  430.830994
39  435.651001
40  428.114990
41  412.114014
42  387.040985
43  368.967010
44  363.019989
45  362.566986
46  361.023010
47  378.467010
48  399.924988
   3 
1  628.366028
2  635.166992
3  620.515015
4  627.950989
5  623.130981
6  589.523987
7  596.192017
8  586.244019
9  605.640015
10  634.455017
11  637.046997
12  635.512024
13  631.593018
14  634.372986
15  613.116028
16  596.200989
17  601.495972
18  563.239014
19  526.767029
20  438.890991
21  411.127014
22  470.481995
23  498.045990
24  520.232971
25  591.624023
26  606.840027
27  606.435974
28  597.773010
29  599.331970
30  587.786011
31  601.231995
32  606.505005
33  592.765991
34  621.627991
35  629.702026
36  631.273010
37  628.971008
38  629.828003
39  630.530029
40  625.575012
41  611.609009
42  587.539001
43  584.309021
44  583.853027
45  593.398010
46  593.461975
47  614.088989
48  629.481995
   4 
1  628.661987
2  636.012024
3  620.693970
4  628.434021
5  623.708984
6  591.682007
7  601.197021
8  594.882019
9  614.835999
10  635.146973
11  638.655029
12  636.192017
13  631.700989
14  636.461975
15  613.117981
16  597.070984
17  605.877991
18  566.237000
19  530.038025
20  442.433014
21  414.751007
22  474.807007
23  502.393005
24  524.630981
25  607.343018
26  622.210022
27  621.875977
28  608.364014
29  603.192017
30  592.818970
31  609.932983
32  616.882996
33  607.547974
34  632.872986
35  629.723022
36  631.598022
37  629.033020
38  629.836975
39  630.581970
40  626.226990
41  612.835999
42  589.734009
43  588.664001
44  590.770020
45  607.435974
46  606.380981
47  626.583984
48  629.690002
   5 
1  374.791992
2  392.019989
3  382.933014
4  379.691986
5  368.154999
6  336.174988
7  313.070007
8  282.864014
9  277.117004
10  304.609009
11  338.699005
12  352.338989
13  369.263000
14  374.957001
15  359.183014
16  342.595001
17  336.230011
18  302.759003
19  253.936996
20  194.464996
21  180.938995
22  205.787003
23  220.781998
24  234.167999
25  264.583008
26  273.152008
27  270.210999
28  259.226990
29  251.610001
30  238.835999
31  231.936996
32  228.684006
33  216.800995
34  235.339005
35  255.917007
36  270.970001
37  290.665009
38  304.388000
39  312.786987
40  303.256989
41  287.085999
42  262.635010
43  238.666000
44  228.658005
45  222.962006
46  220.022003
47  235.125000
48  254.688004
   6 
1  447.415009
2  468.671997
3  460.808990
4  459.713013
5  449.053009
6  415.821014
7  396.787994
8  369.050995
9  367.911987
10  400.648987
11  432.851990
12  447.502014
13  465.384003
14  470.993011
15  455.096008
16  437.924988
17  432.893005
18  397.981995
19  350.380005
20  284.876007
21  267.401001
22  298.752014
23  316.440002
24  331.766998
25  367.738007
26  377.920013
27  376.119995
28  366.777008
29  361.511993
30  348.345001
31  342.919006
32  340.097992
33  326.640015
34  348.363007
35  371.498993
36  384.710999
37  397.177002
38  407.450989
39  415.455994
40  406.807007
41  390.782990
42  365.256012
43  343.885010
44  334.153015
45  329.463013
46  326.777008
47  343.516998
48  364.963989
   7 
1  628.536011
2  635.716980
3  620.619995
4  628.336975
5  623.525024
6  591.127014
7  600.921021
8  593.898987
9  613.888977
10  635.017029
11  638.104980
12  636.018982
13  631.671997
14  635.155029
15  613.119019
16  596.898010
17  604.697021
18  565.348022
19  529.112000
20  441.365997
21  413.639008
22  473.684998
23  501.269012
24  523.512024
25  604.245972
26  617.677002
27  616.862976
28  608.375977
29  603.192993
30  592.622009
31  608.969971
32  615.690002
33  604.997986
34  631.849976
35  629.723022
36  631.385010
37  629.008972
38  629.830994
39  630.575989
40  625.971985
41  612.754028
42  589.538025
43  588.223999
44  589.992981
45  604.947021
46  603.867981
47  624.096985
48  629.666016
   8 
1  628.226990
2  634.690002
3  620.440002
4  627.429993
5  622.689026
6  587.906006
7  590.065002
8  577.375977
9  595.216003
10  632.963989
11  636.237976
12  635.017029
13  631.489990
14  634.080994
15  613.083984
16  595.895996
17  598.770996
18  561.231018
19  523.754028
20  435.888000
21  408.135010
22  465.885986
23  492.980988
24  515.002991
25  578.817993
26  594.843018
27  596.765015
28  588.494019
29  588.448975
30  576.143982
31  587.224976
32  590.757019
33  574.943970
34  605.932007
35  618.060974
36  625.280029
37  628.945007
38  629.828003
39  630.421997
40  625.286987
41  610.544983
42  585.567993
43  579.526001
44  576.356995
45  581.172974
46  579.932007
47  600.671997
48  620.278992
   9 
1  627.567017
2  633.934998
3  620.341003
4  624.299988
5  617.122986
6  582.158020
7  576.681030
8  559.062012
9  572.330994
10  611.182983
11  635.109985
12  634.234009
13  631.294983
14  634.078979
15  612.956970
16  595.398987
17  594.802979
18  557.708984
19  517.122009
20  428.855988
21  400.690002
22  453.072998
23  478.153992
24  499.244995
25  554.294983
26  569.138000
27  570.471985
28  565.877991
29  563.989990
30  550.244019
31  556.252991
32  555.487000
33  536.590027
34  566.750000
35  582.552979
36  589.784973
37  601.799011
38  608.234985
39  615.109009
40  611.978027
41  597.999023
42  571.690979
43  560.781982
44  552.486023
45  550.669983
46  547.478027
47  567.650024
48  590.057007
   10 
1  628.463013
2  635.491028
3  620.572998
4  628.205994
5  623.361023
6  590.531006
7  600.007019
8  591.775024
9  611.700012
10  634.815979
11  637.653992
12  635.827026
13  631.645020
14  634.661987
15  613.117981
16  596.635010
17  603.469971
18  564.562012
19  528.328003
20  440.510986
21  412.763000
22  472.683014
23  500.265015
24  522.510986
25  599.586975
26  613.815979
27  612.591003
28  604.182983
29  603.189026
30  592.216980
31  607.265015
32  613.479980
33  601.418030
34  628.922974
35  629.719971
36  631.315002
37  628.992004
38  629.828979
39  630.564026
40  625.794006
41  612.322021
42  588.822998
43  586.887024
44  587.895020
45  600.671997
46  600.257019
47  620.513000
48  629.640991
