   1 
1  628.614990
2  635.851013
3  620.679016
4  628.383972
5  623.616028
6  591.392029
7  600.273010
8  593.153992
9  612.549011
10  635.067993
11  638.370972
12  636.096008
13  631.705994
14  636.046997
15  613.247986
16  597.184021
17  605.453979
18  565.583008
19  527.718018
20  438.036987
21  409.566010
22  468.881989
23  496.218994
24  518.369995
25  600.419006
26  617.669983
27  618.218994
28  608.270996
29  603.309021
30  592.789978
31  609.093018
32  614.619995
33  603.838989
34  631.737976
35  629.721985
36  631.499023
37  629.025024
38  629.956970
39  630.609985
40  626.133972
41  612.830017
42  589.572998
43  587.328979
44  588.380005
45  603.489014
46  603.213989
47  623.612000
48  629.674011
   2 
1  473.522003
2  486.911011
3  475.962006
4  477.036011
5  468.407990
6  435.506012
7  422.015015
8  397.602997
9  400.289001
10  431.996002
11  451.787994
12  459.707001
13  468.834991
14  473.385010
15  455.832001
16  438.964996
17  436.417999
18  400.852997
19  354.364990
20  287.134003
21  269.378998
22  307.604004
23  327.553009
24  344.433990
25  387.846008
26  399.294006
27  398.532990
28  390.901001
29  389.247986
30  375.989014
31  374.645996
32  374.489990
33  362.049988
34  386.122009
35  404.334015
36  415.246002
37  422.707001
38  429.230988
39  434.135010
40  426.519989
41  410.734985
42  385.833008
43  367.541992
44  361.470001
45  361.415985
46  359.949005
47  377.368011
48  399.454987
   3 
1  628.382996
2  635.156982
3  620.538025
4  627.947998
5  623.127991
6  589.512024
7  595.676025
8  585.270996
9  604.104004
10  634.435974
11  637.038025
12  635.500977
13  631.612976
14  634.442993
15  613.242004
16  596.377991
17  601.643982
18  563.096985
19  524.981995
20  435.122009
21  406.600006
22  465.239990
23  492.556000
24  514.653992
25  586.434021
26  602.844971
27  603.702026
28  596.499023
29  599.434998
30  587.836975
31  600.781006
32  604.802979
33  590.434998
34  620.268005
35  629.700989
36  631.276978
37  628.976990
38  629.952026
39  630.567993
40  625.612976
41  611.677979
42  587.479980
43  583.156982
44  581.815002
45  590.827026
46  590.666016
47  611.301025
48  629.463989
   4 
1  628.671997
2  635.973022
3  620.710999
4  628.411987
5  623.684998
6  591.557007
7  600.351990
8  593.359985
9  612.747986
10  635.099976
11  638.586975
12  636.155029
13  631.716980
14  636.492981
15  613.247986
16  597.231018
17  605.892029
18  565.978027
19  528.137024
20  438.514008
21  410.061005
22  469.380005
23  496.717010
24  518.866028
25  601.622009
26  619.807983
27  620.557983
28  608.450012
29  603.307983
30  592.830994
31  609.265015
32  614.835022
33  604.465027
34  631.862976
35  629.721985
36  631.598022
37  629.034973
38  629.960022
39  630.612000
40  626.242004
41  612.841980
42  589.585999
43  587.375977
44  588.458984
45  604.083984
46  603.898010
47  624.284973
48  629.681030
   5 
1  416.942993
2  432.386993
3  422.776001
4  420.212006
5  409.036987
6  376.384003
7  354.184998
8  324.501007
9  320.532990
10  351.371002
11  386.678009
12  397.981995
13  411.811005
14  417.113007
15  400.584991
16  383.781006
17  377.641998
18  343.298004
19  293.230011
20  229.210007
21  213.373993
22  241.854996
23  258.182007
24  272.781006
25  305.579010
26  315.289001
27  313.264008
28  303.240997
29  296.865997
30  283.531006
31  277.425995
32  273.708008
33  260.243011
34  280.559998
35  302.701996
36  317.821991
37  339.289001
38  353.118988
39  362.140015
40  353.613007
41  337.523987
42  312.138000
43  287.473999
44  276.618011
45  270.425995
46  267.240997
47  283.112000
48  303.750000
   6 
1  458.001007
2  475.790009
3  466.681000
4  466.484985
5  456.898010
6  423.571014
7  405.630005
8  378.584991
9  378.548004
10  412.916992
11  440.032990
12  451.841003
13  466.046997
14  471.239990
15  454.681000
16  437.630005
17  433.242004
18  398.007996
19  349.739990
20  282.397003
21  264.403015
22  298.164001
23  316.678986
24  332.640991
25  370.634003
26  381.497986
27  380.304993
28  371.783997
29  368.065002
30  354.843994
31  350.825012
32  348.393005
33  334.773987
34  357.453003
35  381.265015
36  394.687988
37  407.243011
38  415.989990
39  422.608002
40  414.372986
41  398.341003
42  372.838013
43  351.641998
44  342.545990
45  338.700989
46  336.184998
47  353.157990
48  375.368011
   7 
1  628.549011
2  635.687988
3  620.640015
4  628.317993
5  623.507019
6  591.026978
7  600.012024
8  592.356995
9  611.783020
10  634.973022
11  638.056030
12  635.989014
13  631.689026
14  635.210022
15  613.247986
16  597.057983
17  604.739990
18  565.119019
19  527.247986
20  437.497986
21  409.006012
22  468.317993
23  495.653015
24  517.807007
25  598.348022
26  614.812988
27  615.054016
28  608.015991
29  603.309998
30  592.637024
31  608.315979
32  613.668030
33  602.117981
34  630.828003
35  629.721985
36  631.392029
37  629.013000
38  629.955017
39  630.606018
40  625.995972
41  612.773987
42  589.406982
43  586.955994
44  587.703003
45  601.658020
46  601.348999
47  621.758972
48  629.659973
   8 
1  628.249023
2  634.697998
3  620.466980
4  627.442993
5  622.698975
6  587.971985
7  589.846985
8  576.822021
9  594.184998
10  632.961975
11  636.262024
12  635.028015
13  631.513000
14  634.135986
15  613.210022
16  596.075012
17  599.018982
18  561.164001
19  522.021973
20  432.140991
21  403.609009
22  460.730988
23  487.580994
24  509.531006
25  574.101990
26  590.565979
27  593.057007
28  586.482971
29  588.270020
30  576.004028
31  586.820007
32  589.275024
33  572.945007
34  604.104980
35  618.017029
36  625.293030
37  628.952026
38  629.950989
39  630.473022
40  625.335022
41  610.650024
42  585.598999
43  578.593018
44  574.685974
45  579.211975
46  577.804016
47  598.429993
48  620.168030
   9 
1  627.598022
2  633.973999
3  620.370972
4  624.335999
5  617.114990
6  582.320984
7  576.921021
8  559.138000
9  572.112976
10  611.039978
11  635.179016
12  634.280029
13  631.327026
14  634.133972
15  613.081970
16  595.585999
17  595.229004
18  557.771973
19  515.583984
20  425.312012
21  396.381012
22  448.334991
23  473.260010
24  494.302002
25  550.304993
26  565.461975
27  567.174988
28  563.112976
29  562.533020
30  548.953003
31  555.148010
32  553.616028
33  534.367004
34  564.692993
35  582.148010
36  589.447998
37  601.594971
38  608.197998
39  615.083008
40  611.955994
41  598.098999
42  571.806030
43  560.177979
44  551.340027
45  549.518982
46  546.218994
47  566.301025
48  589.239014
   10 
1  628.479004
2  635.469971
3  620.593994
4  628.192993
5  623.348999
6  590.471985
7  599.278015
8  590.489990
9  609.844971
10  634.781006
11  637.622009
12  635.804016
13  631.663025
14  634.827026
15  613.245972
16  596.804993
17  603.557007
18  564.370972
19  526.497986
20  436.687012
21  408.175995
22  467.360992
23  494.695007
24  516.851990
25  593.978027
26  610.531982
27  610.390991
28  603.447998
29  603.307007
30  592.245972
31  606.674011
32  611.559021
33  598.757019
34  627.793030
35  629.718994
36  631.328003
37  628.997009
38  629.953003
39  630.596008
40  625.823975
41  612.362000
42  588.710022
43  585.664001
44  585.690979
45  597.690002
46  597.607971
47  618.028992
48  629.632996
