   1 
1  513.877014
2  522.396973
3  508.270996
4  515.333008
5  510.972992
6  481.123993
7  487.822998
8  482.394989
9  500.687988
10  520.661011
11  525.020996
12  522.825012
13  518.742004
14  522.755981
15  501.618011
16  487.346008
17  494.528992
18  458.001007
19  427.833008
20  358.895996
21  335.721008
22  387.480011
23  410.174988
24  426.087006
25  490.515991
26  502.096985
27  501.765015
28  492.761993
29  489.126007
30  479.578003
31  492.404999
32  499.421997
33  490.579010
34  512.161011
35  511.334015
36  514.294006
37  513.635986
38  516.497009
39  517.713989
40  513.276978
41  501.014008
42  481.546997
43  478.627991
44  478.653992
45  490.800995
46  488.256989
47  507.779999
48  514.763000
   2 
1  404.070007
2  416.811005
3  407.368011
4  408.726013
5  401.563995
6  370.790009
7  358.845001
8  340.135986
9  345.429993
10  377.071991
11  395.958008
12  401.665985
13  407.382996
14  411.355011
15  393.992004
16  378.988007
17  376.843994
18  343.983002
19  307.554993
20  253.792999
21  238.166000
22  272.597992
23  289.829010
24  303.420990
25  338.208008
26  347.019989
27  345.363007
28  337.644012
29  335.575989
30  323.748993
31  322.020996
32  323.408997
33  312.579987
34  333.049011
35  351.949005
36  363.181000
37  370.545013
38  375.864990
39  379.571014
40  373.490997
41  359.444000
42  337.523010
43  322.075989
44  315.914001
45  315.414001
46  313.147003
47  330.059998
48  349.727997
   3 
1  512.434998
2  521.080994
3  508.151001
4  514.953003
5  510.537994
6  479.606995
7  483.463989
8  475.459991
9  493.403015
10  519.997009
11  523.744019
12  522.268982
13  518.659973
14  521.301025
15  501.617004
16  486.708008
17  491.494995
18  455.981995
19  425.694000
20  356.652008
21  333.437012
22  384.678986
23  407.156006
24  423.252014
25  479.477997
26  491.313995
27  490.997986
28  483.988007
29  486.239014
30  475.828003
31  486.042999
32  491.803009
33  480.072998
34  503.971985
35  511.049988
36  513.778015
37  513.169006
38  515.429016
39  517.109985
40  512.801025
41  500.071991
42  479.660004
43  475.382996
44  473.709015
45  481.003998
46  479.592010
47  499.397003
48  514.406982
   4 
1  514.137024
2  522.510986
3  508.298004
4  515.356995
5  511.036011
6  481.250000
7  487.908997
8  482.572998
9  500.862000
10  520.687988
11  525.229980
12  522.877014
13  518.750977
14  523.166016
15  501.618011
16  487.377014
17  494.859985
18  458.299011
19  428.143005
20  359.242004
21  336.079010
22  387.841003
23  410.580994
24  426.447998
25  491.319000
26  503.671997
27  503.483002
28  492.998993
29  489.158997
30  479.638000
31  492.540009
32  499.585999
33  491.110992
34  512.278992
35  511.360992
36  514.403015
37  513.674988
38  516.702026
39  517.716003
40  513.374023
41  501.028015
42  481.593994
43  478.665985
44  478.727997
45  491.213989
46  488.764008
47  508.285004
48  514.809021
   5 
1  309.270996
2  325.316986
3  317.131989
4  314.877014
5  304.742004
6  275.161987
7  255.621994
8  232.072998
9  229.977005
10  254.093002
11  285.778992
12  297.290985
13  311.627991
14  316.809998
15  301.489990
16  286.851013
17  282.161011
18  250.856003
19  211.192001
20  162.729004
21  150.356995
22  172.707993
23  185.712006
24  196.363998
25  220.731995
26  227.199997
27  223.962997
28  213.968002
29  207.567001
30  196.391998
31  189.697006
32  188.281998
33  177.966995
34  194.093994
35  211.410995
36  223.768005
37  239.442001
38  250.757004
39  259.165985
40  251.212006
41  237.488998
42  216.319000
43  196.358994
44  187.076996
45  182.845993
46  179.567001
47  194.332993
48  211.897003
   6 
1  377.752991
2  397.742004
3  390.985992
4  390.582001
5  381.665985
6  350.852997
7  334.769012
8  313.203003
9  315.183014
10  345.363007
11  375.606995
12  388.067993
13  403.154999
14  408.134003
15  392.399994
16  377.200012
17  373.373993
18  340.713989
19  302.006989
20  248.065994
21  232.061996
22  260.187988
23  275.471985
24  287.752991
25  316.855011
26  324.747009
27  322.500000
28  313.885986
29  309.615997
30  298.134003
31  293.002991
32  291.661011
33  279.761993
34  298.450989
35  318.140015
36  330.167999
37  344.411011
38  353.277008
39  359.934998
40  352.742004
41  338.700989
42  316.368011
43  298.069000
44  288.640991
45  284.696991
46  281.467010
47  297.696991
48  316.644989
   7 
1  513.510986
2  522.223999
3  508.239014
4  515.276001
5  510.875000
6  480.829010
7  487.562012
8  481.713989
9  500.036987
10  520.570007
11  524.718018
12  522.724976
13  518.728027
14  522.075989
15  501.618988
16  487.256012
17  493.964996
18  457.619995
19  427.458008
20  358.480011
21  335.289001
22  387.044006
23  409.682007
24  425.652008
25  489.132996
26  499.967010
27  499.415985
28  492.410004
29  489.067993
30  479.411011
31  491.785004
32  498.669006
33  489.165009
34  511.500000
35  511.286011
36  514.156982
37  513.559021
38  516.231018
39  517.710022
40  513.155029
41  500.945007
42  481.346985
43  478.328003
44  478.149994
45  489.463989
46  486.936005
47  506.464996
48  514.700012
   8 
1  511.667999
2  520.000977
3  508.033997
4  514.482971
5  510.182007
6  478.317993
7  478.454010
8  468.454987
9  485.277008
10  518.804993
11  523.004028
12  521.823975
13  518.570007
14  521.135986
15  501.595001
16  486.444000
17  489.424011
18  454.458008
19  423.532990
20  354.441986
21  331.230011
22  381.187012
23  403.298004
24  419.394989
25  470.286987
26  482.910004
27  483.480011
28  476.605011
29  478.270996
30  467.277008
31  475.691986
32  480.092987
33  466.703003
34  492.343994
35  502.967987
36  509.507996
37  512.799988
38  514.844971
39  516.291016
40  511.931000
41  498.958008
42  477.696014
43  471.351990
44  467.877991
45  471.687012
46  469.342010
47  489.243011
48  507.665009
   9 
1  510.401001
2  518.515015
3  507.115997
4  511.385986
5  505.657013
6  473.411987
7  467.868988
8  454.239990
9  467.886993
10  502.966003
11  521.986023
12  521.119995
13  518.400024
14  521.132996
15  501.484985
16  486.075989
17  486.359009
18  451.798004
19  418.725006
20  349.385986
21  325.920990
22  371.751007
23  392.496002
24  408.093994
25  452.385010
26  464.009003
27  464.170990
28  459.098999
29  459.795990
30  447.700989
31  452.165009
32  453.178009
33  437.610992
34  462.726990
35  478.119995
36  484.528015
37  493.678986
38  499.303986
39  504.848999
40  501.877014
41  489.308014
42  466.894989
43  456.963989
44  449.488007
45  448.770996
46  444.958008
47  464.299011
48  485.260986
   10 
1  513.038025
2  521.893005
3  508.200012
4  515.166016
5  510.734009
6  480.367004
7  486.598999
8  479.851990
9  498.148987
10  520.364990
11  524.302002
12  522.552002
13  518.705017
14  521.614990
15  501.618011
16  487.056000
17  493.015015
18  457.003998
19  426.859985
20  357.842010
21  334.635986
22  386.299988
23  408.867004
24  424.911011
25  485.657013
26  496.622986
27  495.955994
28  489.114014
29  488.962006
30  479.005005
31  490.440002
32  496.938995
33  486.431000
34  509.307007
35  511.196991
36  513.995972
37  513.414001
38  515.882996
39  517.700012
40  513.004028
41  500.610992
42  480.731995
43  477.351990
44  476.675995
45  486.355011
46  484.329987
47  503.859985
48  514.612000
