   1 
1  188.623001
2  195.298996
3  176.703995
4  184.373001
5  179.076996
6  156.179993
7  157.503998
8  158.046005
9  176.712006
10  191.261002
11  194.007996
12  192.604004
13  193.714005
14  198.347000
15  169.794006
16  161.494995
17  170.679993
18  141.169006
19  112.452003
20  63.104000
21  55.421001
22  134.505005
23  164.800003
24  170.455994
25  178.261002
26  179.587006
27  175.953995
28  165.893997
29  165.768997
30  158.800003
31  169.578995
32  177.358002
33  170.686005
34  187.014999
35  181.929993
36  199.593002
37  180.889999
38  198.309998
39  184.671005
40  181.425995
41  170.175995
42  165.776993
43  171.520996
44  166.798996
45  167.227997
46  161.054993
47  179.759995
48  184.167999
   2 
1  149.156998
2  157.001999
3  142.431000
4  148.287994
5  141.677994
6  118.460999
7  111.912003
8  96.663002
9  109.822998
10  137.171997
11  147.779999
12  149.488998
13  153.143997
14  152.516006
15  134.537003
16  124.697998
17  128.768005
18  100.037003
19  62.577999
20  26.830000
21  21.917999
22  79.476997
23  102.489998
24  119.639999
25  129.326004
26  130.772995
27  126.870003
28  117.347000
29  114.463997
30  107.066002
31  110.637001
32  109.197998
33  97.625999
34  117.336998
35  125.202003
36  138.014999
37  131.207001
38  147.535004
39  137.580002
40  132.044998
41  121.980003
42  109.005997
43  108.497002
44  99.823997
45  95.589996
46  90.153000
47  108.237999
48  122.748001
   3 
1  186.225006
2  193.621002
3  176.046997
4  183.934006
5  178.259003
6  155.397003
7  156.177002
8  152.203003
9  171.356995
10  190.542999
11  192.731995
12  191.636002
13  191.279999
14  190.977005
15  169.761993
16  161.233994
17  169.815002
18  140.389999
19  109.986000
20  62.342999
21  54.696999
22  129.089996
23  157.710999
24  169.216003
25  174.826996
26  177.501007
27  174.860992
28  165.893005
29  165.065002
30  158.445999
31  167.865997
32  173.813004
33  164.761002
34  184.794006
35  181.904007
36  194.358994
37  180.634995
38  196.880997
39  184.371002
40  180.401993
41  169.959000
42  162.188004
43  168.895004
44  164.199997
45  163.233994
46  158.953003
47  177.904007
48  183.985001
   4 
1  189.431000
2  195.643005
3  176.862000
4  184.401993
5  179.197006
6  156.255005
7  157.600006
8  158.882996
9  177.354996
10  191.306000
11  194.188995
12  192.748001
13  194.160995
14  201.218994
15  169.796005
16  161.520996
17  170.800995
18  141.330994
19  112.791000
20  63.227001
21  55.537998
22  135.287994
23  165.858002
24  170.563004
25  178.757996
26  179.587997
27  175.964996
28  165.889999
29  165.830002
30  158.804993
31  169.682999
32  177.647995
33  171.472000
34  187.113007
35  181.929993
36  200.449005
37  180.940002
38  198.376007
39  184.764008
40  181.641998
41  170.195999
42  166.434006
43  171.615005
44  166.953995
45  167.274002
46  161.084000
47  179.761993
48  184.181000
   5 
1  140.845001
2  153.567993
3  141.671005
4  144.593002
5  137.003006
6  112.668999
7  96.709999
8  73.051003
9  84.019997
10  116.308998
11  135.783997
12  144.141006
13  152.087006
14  151.296005
15  134.139999
16  123.584000
17  123.779999
18  94.957001
19  50.543999
20  24.936001
21  20.938999
22  63.403000
23  81.488998
24  98.049004
25  115.614998
26  120.103996
27  116.809998
28  107.765999
29  103.162003
30  93.530998
31  88.089996
32  81.200996
33  73.069000
34  96.680000
35  108.765999
36  121.653000
37  121.296997
38  138.130997
39  135.227005
40  129.421005
41  118.888000
42  102.651001
43  90.667999
44  75.633003
45  71.303001
46  68.308998
47  87.267998
48  104.849998
   6 
1  147.311996
2  155.255005
3  141.968002
4  145.531998
5  137.682999
6  114.426003
7  102.255997
8  82.227997
9  95.328003
10  123.862999
11  141.914993
12  148.063004
13  152.360001
14  151.294006
15  134.251007
16  124.064003
17  125.657997
18  96.707001
19  55.060001
20  25.868999
21  21.414000
22  70.611000
23  90.929001
24  108.248001
25  120.473999
26  125.126999
27  121.926003
28  112.816002
29  108.636002
30  99.862000
31  98.100998
32  91.865997
33  83.805000
34  107.357002
35  113.514999
36  126.417999
37  126.422997
38  143.132996
39  136.759995
40  130.591995
41  120.435997
42  105.525002
43  97.901001
44  85.931999
45  82.367996
46  79.830002
47  99.672997
48  111.893997
   7 
1  187.796997
2  194.862000
3  176.518005
4  184.302002
5  178.893005
6  156.039993
7  157.348999
8  156.776993
9  175.720993
10  191.147995
11  193.725006
12  192.389008
13  192.904999
14  195.410995
15  169.774002
16  161.442001
17  170.511002
18  140.996994
19  111.973000
20  62.987999
21  55.310001
22  133.352997
23  163.240005
24  170.296005
25  177.542999
26  179.585999
27  175.925003
28  165.895004
29  165.626999
30  158.770996
31  169.276993
32  176.748993
33  169.425003
34  186.845001
35  181.929001
36  198.080994
37  180.822998
38  198.242004
39  184.576004
40  181.151993
41  170.138000
42  164.878006
43  171.259003
44  166.567993
45  167.100998
46  161.016998
47  179.757996
48  184.113998
   8 
1  185.531998
2  192.742004
3  175.755005
4  183.535004
5  177.757996
6  154.820999
7  154.826996
8  148.130005
9  166.852997
10  189.768997
11  191.947006
12  191.016006
13  190.584000
14  189.542007
15  169.759003
16  160.845001
17  168.820999
18  139.483002
19  107.653000
20  61.521999
21  53.911999
22  125.286003
23  152.856995
24  167.621002
25  172.544998
26  175.134003
27  172.324005
28  163.457001
29  163.179001
30  156.529999
31  165.324005
32  169.645004
33  159.414993
34  180.324005
35  181.240005
36  192.735001
37  180.509995
38  195.684998
39  184.223007
40  179.903000
41  169.610992
42  160.179001
43  166.199005
44  160.337997
45  157.826004
46  153.207993
47  172.766998
48  182.477005
   9 
1  185.061005
2  191.595001
3  175.412994
4  182.389999
5  176.026001
6  152.962006
7  151.337997
8  140.770004
9  158.014008
10  183.727997
11  190.889999
12  190.169006
13  190.052002
14  188.917999
15  169.667999
16  160.173996
17  166.259995
18  137.037003
19  102.814003
20  59.714001
21  52.101002
22  118.487999
23  144.382996
24  160.608002
25  167.345993
26  169.705994
27  166.591003
28  157.550003
29  156.186996
30  149.177994
31  156.716995
32  158.393005
33  146.593002
34  166.899994
35  172.195007
36  183.940994
37  176.007996
38  192.880005
39  183.018005
40  178.727997
41  168.826996
42  157.352997
43  161.630005
44  153.539001
45  148.988998
46  143.414993
47  162.552002
48  176.722000
   10 
1  186.869003
2  194.311996
3  176.300003
4  184.167007
5  178.625000
6  155.785995
7  157.132996
8  155.044006
9  174.220001
10  190.927994
11  193.309006
12  192.063004
13  191.936005
14  192.781006
15  169.768005
16  161.365005
17  170.246002
18  140.776993
19  111.269997
20  62.768002
21  55.104000
22  131.632996
23  160.975006
24  169.914993
25  176.462997
26  179.158997
27  175.871994
28  165.893005
29  165.378006
30  158.682007
31  168.742004
32  175.681000
33  167.565994
34  186.462997
35  181.923996
36  195.904007
37  180.738998
38  197.147995
39  184.464005
40  180.813004
41  170.078003
42  163.695999
43  170.593002
44  165.813004
45  166.104004
46  160.714996
47  179.591003
48  184.063995
